0.26 0.005 19828208
0.26 0.010 27013240
0.26 0.015 34096672
0.26 0.020 35472512
0.26 0.025 34596740
0.26 0.030 33284928
0.26 0.035 33180940
0.26 0.040 33004676
0.26 0.045 32851768
0.26 0.050 32293664
0.30 0.005 18813152
0.30 0.010 25446672
0.30 0.015 32747928
0.30 0.020 34749628
0.30 0.025 33955560
0.30 0.030 32856208
0.30 0.035 32310884
0.30 0.040 32051124
0.30 0.045 31849948
0.30 0.050 31782864
0.34 0.005 21817944
0.34 0.010 28425508
0.34 0.015 35134120
0.34 0.020 37772056
0.34 0.025 37445132
0.34 0.030 36527588
0.34 0.035 35850288
0.34 0.040 35649172
0.34 0.045 35354712
0.34 0.050 35196728
0.38 0.005 20357028
0.38 0.010 26563404
0.38 0.015 32982736
0.38 0.020 36286776
0.38 0.025 36433936
0.38 0.030 35589976
0.38 0.035 34888840
0.38 0.040 34611852
0.38 0.045 34304560
0.38 0.050 34068748
0.42 0.005 19435040
0.42 0.010 24955864
0.42 0.015 31147400
0.42 0.020 35131436
0.42 0.025 35826624
0.42 0.030 35313752
0.42 0.035 34636424
0.42 0.040 34311856
0.42 0.045 34004528
0.42 0.050 33664784
0.46 0.005 18165364
0.46 0.010 23612088
0.46 0.015 29612348
0.46 0.020 33843324
0.46 0.025 34992616
0.46 0.030 34693780
0.46 0.035 33971004
0.46 0.040 33583664
0.46 0.045 33412688
0.46 0.050 33217928
0.50 0.005 16855732
0.50 0.010 22032628
0.50 0.015 27987828
0.50 0.020 32900304
0.50 0.025 34515244
0.50 0.030 34454868
0.50 0.035 34182604
0.50 0.040 33772864
0.50 0.045 33445112
0.50 0.050 33215508
0.54 0.005 16156920
0.54 0.010 20915060
0.54 0.015 26309516
0.54 0.020 30807224
0.54 0.025 32819952
0.54 0.030 33178956
0.54 0.035 32899820
0.54 0.040 32577584
0.54 0.045 32434556
0.54 0.050 32317696
0.58 0.005 15211888
0.58 0.010 19537056
0.58 0.015 24729656
0.58 0.020 29050612
0.58 0.025 31404752
0.58 0.030 32153492
0.58 0.035 32140516
0.58 0.040 31950080
0.58 0.045 31774796
0.58 0.050 31610332
0.62 0.005 13902296
0.62 0.010 17881320
0.62 0.015 22703332
0.62 0.020 27123512
0.62 0.025 29867780
0.62 0.030 30930304
0.62 0.035 31185652
0.62 0.040 31042828
0.62 0.045 30854564
0.62 0.050 30692264
0.66 0.005 13061292
0.66 0.010 16900844
0.66 0.015 21344248
0.66 0.020 25535844
0.66 0.025 28470020
0.66 0.030 29851140
0.66 0.035 30335984
0.66 0.040 30359788
0.66 0.045 30186672
0.66 0.050 29991912
0.70 0.005 12228316
0.70 0.010 15661024
0.70 0.015 19883216
0.70 0.020 23723572
0.70 0.025 26811088
0.70 0.030 28533356
0.70 0.035 29292924
0.70 0.040 29433396
0.70 0.045 29333844
0.70 0.050 29007080
0.74 0.005 11641504
0.74 0.010 14904348
0.74 0.015 18694952
0.74 0.020 22443048
0.74 0.025 25471436
0.74 0.030 27487412
0.74 0.035 28548880
0.74 0.040 28854012
0.74 0.045 28792728
0.74 0.050 28466652
0.78 0.005 10742964
0.78 0.010 13404560
0.78 0.015 16795516
0.78 0.020 20457384
0.78 0.025 23485824
0.78 0.030 25821948
0.78 0.035 26926388
0.78 0.040 27603220
0.78 0.045 27789404
0.78 0.050 27689852
0.82 0.005 9955892
0.82 0.010 11999144
0.82 0.015 15301360
0.82 0.020 18469972
0.82 0.025 21536604
0.82 0.030 23927516
0.82 0.035 25530036
0.82 0.040 26475516
0.82 0.045 26974084
0.82 0.050 27047912
0.98 0.005 4017608
0.98 0.010 4049364
0.98 0.015 4067748
0.98 0.020 4119048
0.98 0.025 4097612
0.98 0.030 4133368
0.98 0.035 4163648
0.98 0.040 4212320
0.98 0.045 4269084
0.98 0.050 4305504
