0.26 0.005 28149276
0.26 0.010 35225204
0.26 0.015 42711992
0.26 0.020 45012124
0.26 0.025 43880252
0.26 0.030 42209696
0.26 0.035 40707224
0.26 0.040 39248256
0.26 0.045 37913300
0.26 0.050 37147360
0.30 0.005 26921320
0.30 0.010 34098312
0.30 0.015 42236456
0.30 0.020 43866540
0.30 0.025 42277684
0.30 0.030 40376704
0.30 0.035 39106504
0.30 0.040 38154036
0.30 0.045 37401024
0.30 0.050 36968888
0.34 0.005 25941144
0.34 0.010 32711288
0.34 0.015 39975224
0.34 0.020 43092168
0.34 0.025 42843380
0.34 0.030 41112684
0.34 0.035 39704180
0.34 0.040 38525548
0.34 0.045 37002840
0.34 0.050 36234028
0.38 0.005 24966480
0.38 0.010 30914912
0.38 0.015 37822360
0.38 0.020 42339032
0.38 0.025 41762144
0.38 0.030 40241292
0.38 0.035 38811316
0.38 0.040 37699868
0.38 0.045 36980180
0.38 0.050 36367428
0.42 0.005 23967472
0.42 0.010 29478060
0.42 0.015 35947672
0.42 0.020 41047676
0.42 0.025 41127840
0.42 0.030 40893560
0.42 0.035 38931860
0.42 0.040 37193804
0.42 0.045 36363292
0.42 0.050 35530964
0.46 0.005 23194292
0.46 0.010 28717236
0.46 0.015 34696128
0.46 0.020 39837928
0.46 0.025 40719792
0.46 0.030 39530200
0.46 0.035 38153312
0.46 0.040 36565388
0.46 0.045 35584204
0.46 0.050 35755912
0.50 0.005 22015812
0.50 0.010 26731020
0.50 0.015 32506864
0.50 0.020 38778220
0.50 0.025 39955832
0.50 0.030 39529896
0.50 0.035 38053052
0.50 0.040 36766440
0.50 0.045 35789024
0.50 0.050 34925412
0.54 0.005 21384744
0.54 0.010 25733124
0.54 0.015 31387424
0.54 0.020 37203216
0.54 0.025 39028296
0.54 0.030 38586768
0.54 0.035 37331848
0.54 0.040 36190188
0.54 0.045 34701224
0.54 0.050 33948180
0.58 0.005 20573128
0.58 0.010 24937328
0.58 0.015 30862376
0.58 0.020 36161480
0.58 0.025 38789304
0.58 0.030 39035904
0.58 0.035 37103788
0.58 0.040 35843364
0.58 0.045 34569940
0.58 0.050 33264512
0.62 0.005 19593816
0.62 0.010 23582212
0.62 0.015 28324652
0.62 0.020 34646540
0.62 0.025 37788032
0.62 0.030 37568120
0.62 0.035 36787356
0.62 0.040 35624708
0.62 0.045 34326576
0.62 0.050 33217032
0.66 0.005 18994112
0.66 0.010 22752116
0.66 0.015 27359196
0.66 0.020 32315164
0.66 0.025 36177740
0.66 0.030 37173720
0.66 0.035 36742072
0.66 0.040 35599532
0.66 0.045 34304592
0.66 0.050 33203468
0.70 0.005 17983716
0.70 0.010 21180660
0.70 0.015 25452148
0.70 0.020 30517296
0.70 0.025 34342012
0.70 0.030 35999528
0.70 0.035 35970412
0.70 0.040 34969244
0.70 0.045 33730340
0.70 0.050 32455456
0.74 0.005 17350672
0.74 0.010 20075796
0.74 0.015 24173772
0.74 0.020 28404084
0.74 0.025 32530828
0.74 0.030 34644256
0.74 0.035 34958472
0.74 0.040 34618524
0.74 0.045 33698976
0.74 0.050 32714152
0.78 0.005 16285560
0.78 0.010 18478032
0.78 0.015 21962932
0.78 0.020 26262628
0.78 0.025 29939216
0.78 0.030 32798724
0.78 0.035 34396376
0.78 0.040 34069836
0.78 0.045 33258648
0.78 0.050 32283184
0.82 0.005 15406816
0.82 0.010 17366176
0.82 0.015 20253696
0.82 0.020 24054644
0.82 0.025 27847024
0.82 0.030 31067492
0.82 0.035 32617344
0.82 0.040 33212248
0.82 0.045 33104144
0.82 0.050 32158420
