0.34 0.005
0.34 0.010
0.34 0.015
0.34 0.020
0.34 0.025
0.34 0.030
0.34 0.035
0.34 0.040
0.34 0.045
0.34 0.050
0.38 0.005
0.38 0.010
0.38 0.015
0.38 0.020
0.38 0.025
0.38 0.030
0.38 0.035
0.38 0.040
0.38 0.045
0.38 0.050
0.42 0.005
0.42 0.010
0.42 0.015
0.42 0.020
0.42 0.025
0.42 0.030
0.42 0.035
0.42 0.040
0.42 0.045
0.42 0.050
0.46 0.005
0.46 0.010
0.46 0.015
0.46 0.020
0.46 0.025
0.46 0.030
0.46 0.035
0.46 0.040
0.46 0.045
0.46 0.050
0.50 0.005
0.50 0.010
0.50 0.015
0.50 0.020
0.50 0.025
0.50 0.030
0.50 0.035
0.50 0.040
0.50 0.045
0.50 0.050
0.54 0.005
0.54 0.010
0.54 0.015
0.54 0.020
0.54 0.025
0.54 0.030
0.54 0.035
0.54 0.040
0.54 0.045
0.54 0.050
0.58 0.005
0.58 0.010
0.58 0.015
0.58 0.020
0.58 0.025
0.58 0.030
0.58 0.035
0.58 0.040
0.58 0.045
0.58 0.050
0.62 0.005
0.62 0.010
0.62 0.015
0.62 0.020
0.62 0.025
0.62 0.030
0.62 0.035
0.62 0.040
0.62 0.045
0.62 0.050
0.66 0.005
0.66 0.010
0.66 0.015
0.66 0.020
0.66 0.025
0.66 0.030
0.66 0.035
0.66 0.040
0.66 0.045
0.66 0.050
0.70 0.005
0.70 0.010
0.70 0.015
0.70 0.020
0.70 0.025
0.70 0.030
0.70 0.035
0.70 0.040
0.70 0.045
0.70 0.050
0.74 0.005
0.74 0.010
0.74 0.015
0.74 0.020
0.74 0.025
0.74 0.030
0.74 0.035
0.74 0.040
0.74 0.045
0.74 0.050
0.78 0.005
0.78 0.010
0.78 0.015
0.78 0.020
0.78 0.025
0.78 0.030
0.78 0.035
0.78 0.040
0.78 0.045
0.78 0.050
0.82 0.005
0.82 0.010
0.82 0.015
0.82 0.020
0.82 0.025
0.82 0.030
0.82 0.035
0.82 0.040
0.82 0.045
0.82 0.050
